RESULT_BEGIN
meta date 05.10.2026
meta model Chronos-2, дообучение LoRA
meta day_type рабочий
meta issued 04.10.2026 09:00
meta peak 11849
meta peak_hour 19
meta energy 261.5
meta temp_mean 10.7
meta actual_hours 24
meta mape 1.24
meta seconds 27
meta device mps
row 0 10182 10070 10321 10105 10.6
row 1 9729 9630 9848 9682 10.4
row 2 9483 9380 9598 9456 10.4
row 3 9361 9254 9474 9305 10.2
row 4 9308 9204 9411 9274 10.1
row 5 9392 9263 9480 9356 9.8
row 6 9732 9595 9843 9785 9.7
row 7 10112 9980 10227 10149 9.7
row 8 10648 10520 10763 10575 10.0
row 9 11301 11110 11427 11196 10.2
row 10 11638 11464 11764 11511 10.7
row 11 11722 11527 11852 11587 11.1
row 12 11639 11464 11826 11537 11.3
row 13 11655 11454 11800 11479 11.8
row 14 11623 11403 11762 11434 11.8
row 15 11632 11440 11792 11384 11.6
row 16 11669 11497 11843 11354 11.6
row 17 11563 11391 11746 11239 11.4
row 18 11587 11426 11793 11443 11.2
row 19 11849 11697 11973 11716 10.9
row 20 11821 11666 11959 11592 10.8
row 21 11619 11491 11782 11410 10.8
row 22 11348 11207 11522 11201 10.8
row 23 10894 10732 11052 10624 10.7
RESULT_END
